%YAML:1.0
---
type: IMU
name: MPU6000
Gyr:
   unit: " rad/s"
   avg-axis:
      gyr_n: 7.5140264930037418e-04
      gyr_w: 2.0620370201885317e-05
   x-axis:
      gyr_n: 7.9120405782341695e-04
      gyr_w: 4.4629114530052745e-06
   y-axis:
      gyr_n: 7.3668222352349009e-04
      gyr_w: 1.0584754149437984e-05
   z-axis:
      gyr_n: 7.2632166655421508e-04
      gyr_w: 4.6813445003212685e-05
Acc:
   unit: " m/s^2"
   avg-axis:
      acc_n: 1.3451185520942925e-02 # WhiteNoise
      acc_w: 4.6999731448932737e-04 # BiasInstability
   x-axis:
      acc_n: 1.3435310210115370e-02
      acc_w: 5.5587886019522440e-04
   y-axis:
      acc_n: 1.4711027113376690e-02
      acc_w: 5.8398901020720773e-04
   z-axis:
      acc_n: 1.2207219239336717e-02
      acc_w: 2.7012407306554993e-04
